                   80 80 80 80 80 80 80 80                                    
                   80 00 00 00A00 00S00 80                                    
                   80 00 00 00 00 00 00 80                                    
                   80 00 00 00 00 00 00 80                                    
                   80 00 00 00 00 00 00 80                                    
                   80 00 00 00 00 00 00 80                                    
                   80B00 00 00 00 00 00 80 80 80 80 80 80 80 80 80 80 80      
                   80B00 00 00 00 00 00 80200200200200200200200200200 80      
                   80B00 00 00 00 00 00 80 00 00 00 00 00 00 00 00 00 80      
 80 80 80 80 80 80 80B00 00 00 00 00 00 80200 00200200200200 00 00200 80      
 80300 00 00 00 00 80B00 00 00 00 00 00 80 00 00 00 00 00 00 00 00200 80      
 80300 00 00 00 00 00 00 00 00 00 00100 80 00 00200200200200 00 00200 80      
 80300 00 00 00300 80 00 00 00 00 00 00 00 00 00 00 00 00 00 00 00200 80      
 80 00 00 00 00 00 80 00 00 00 00 00 00 80200200200 00 00 00 00 00200 80      
 80300300300300300 80 00 00 00 00 00 00 80 80 80 80 80 80 80 80 80 80 80      
 80 80 80 80 80 80 80 00 00 00 00 00800 80                                    
 80400400400400400 80 00 00 00 00 00 00 80                                    
 80 00 00 00 00 00 00 00 00 00 00 00 00 80                                    
 80400 00 00 00 00 80C00 00 00 00 00 00 80                                    
 80400 00 00 00 00 80C00 00 00 00 00C00 81                                    
 80400 00400400400 80C00 00 00 00 00C00 81                                    
 80 80 80 80 80 80 80C00 00 00 00 00C00 81                                    
                   80C00 00 00 00 00C00 81                                    
                   80C00 00 00 00 00C00 81                                    
                   80 80 80 80 80 80 80 80                                    